Average case11 data
-719.53368    575.57354
-682.25411    577.01864
-647.79135    580.35704
-614.43912    584.9681
-579.70408    589.70292
-546.58334    594.98733
-512.81158    601.09389
-477.91102    607.52669

 Average case12 data
-718.09818    575.32682
-682.90986    578.29555
-648.17521    582.22018
-613.37938    586.77488
-578.9316    592.26393
-546.47498    598.39275
-512.59323    605.5691
-478.46322    612.57716

 Average case13 data
-718.88827    576.4625
-682.42407    579.11619
-648.44363    584.1113
-613.26021    588.85868
-578.73254    594.78458
-546.15695    601.30497
-513.00926    609.37097
-478.11825    616.35707

 Average case14 data
-717.34774    576.01758
-681.83807    579.67554
-647.44732    584.63813
-612.8322    590.39611
-578.88405    597.13403
-546.08674    603.83447
-512.45691    611.95275
-478.61054    620.02158

 Average case15 data
-729.25982    582.65652
-716.39245    575.8871
-681.72045    580.27119
-646.91557    585.60173
-613.26941    592.20367
-579.08522    599.17856
-560.5851    601.23256
-545.79015    605.88319
-511.92695    613.94481
-479.30818    623.46029

 Average case16 data
-716.24416    576.0227
-681.23308    580.80218
-646.69515    586.27963
-613.23495    593.19696
-605.92656    594.67355
-578.36573    599.79447
-560.97779    603.06423
-545.50378    607.02479
-512.34588    616.07714
-479.09325    624.99939

 Average case17 data
-717.58751    576.86191
-680.57559    580.44279
-646.05977    586.07888
-612.89487    593.28243
-604.82584    594.34308
-591.36568    577.18081
-578.48274    600.41434
-562.72733    604.73056
-546.19353    608.12386
-528.14522    592.56179
-512.08225    616.44008
-494.78051    642.09651
-476.92465    623.61238

 Average case18 data
-716.24706    576.12921
-681.65867    581.10399
-646.7413    586.63727
-613.25849    593.53614
-604.1128    593.68206
-578.60549    600.26536
-561.66174    603.54509
-546.33147    607.88302
-512.14069    616.30641
-478.68772    625.20804